-5.192605266468503
-5.012601617605413
-3.4511599547071796
-1.3462463863027492
-5.499839246923206
-1.6154827207480844
-5.62968943419699
-5.614003734608263
-2.0440088507659095
-5.369129921460669
-4.587192511513265
-1.6863175296830164
-5.7772966186527155
-5.2888032875893645
-5.709119794205469
-5.212491823626098
-5.739894511707962
-1.8151888869237363
-1.4039578251994986
-4.886648920160739
-8.985836794481376
-5.154291169675468
-5.775394839326599
-5.653741404797998
-5.604495073871937
-4.543329618611585
-1.960237212075182
-5.810933640977728
-5.361770607382874
-1.9835936395065443
-5.228595093896063
-1.8856377434257536
-5.784910663818025
-2.118182980216921
-5.155479394300499
-5.385019821784308
-3.6236319615779995
-5.303774259879916
-5.1022934461783285
-2.7452722255231397
-5.766739440570086
-5.121363801835346
-3.8786582339931326
-2.559122964903075
-2.3358773172535
-5.097396401132114
-5.790710044166046
-4.2570229372851935
-5.357993147590274
-5.531242591683983
-1.798427304846502
-5.745702202387607
-2.0165049447311354
-1.5457307093279646
-5.642039824876243
-5.102781234281551
-1.9347471698494596
-5.758728693440499
-5.761241626980274
-5.309358414804196
-9.373425601484687
-5.67192499067817
-5.669988634791059
-2.0503789573481837
-1.080460692843384
-2.2857446831038843
-3.866293661648864
-5.57723012383204
-5.747921147990503
-5.257694736544505
-5.817993966090683
-1.8810127829576067
-2.218935582269622
-10.272856604661218
-1.8884424230931753
-5.4575195833
-5.194626071414222
-4.274150170845872
-1.696337086045966
-5.510011260437486
-5.2932756991091185
-4.668429550279553
-5.611028226553624
-5.525944746106746
-5.6021599287763175
-5.0348946907427745
-5.520919616155553
-4.033260220825279
-5.171246499865594
-4.774277286422747
-2.186602441913698
-5.799993520425589
-5.799025368288694
-5.209228997254506
-5.069754383748489
-2.7119330586942647
-1.9779139907389287
-5.755593375689485
-3.7955146389959737
-3.3462873282351526
-4.863576971299244
-5.618975348007009
-1.1634761181651383
-1.23494321565569
-1.9973361815006652
-2.09906499233852
-5.794664763723689
-5.729199170899207
-5.271913304116218
-1.8933625101381593
-2.2248709023226736
-5.067504421327519
-4.929090579533434
-2.162560329191338
-1.8090625240497524
-1.855864150830213
-2.0220553777519608
-1.4313409707969924
-1.7489422801394165
-5.077743394673631
-1.8646092102902063
-5.759684666101915
-5.533132454841915
-3.147920462599695
-4.689049857859892
-4.769208175500751
-5.628965383781718
-1.7632538480133906
-2.583990636287032
-5.807204426035772
-5.601941148628756
-5.439260797794006
-5.219580272603746
-5.78928781997546
-5.542714557615907
-4.307246792064292
-5.060554236253259
-1.5451144530277994
-5.682726361500031
-1.572164022536541
-2.353847101800301
-4.694880496423582
-5.235691426061384
-5.024021437261941
-5.046648462101952
-0.5328783604746039
-0.5787760888564253
-1.5434992654967534
-1.4572468686740006
-0.3258952048691481
-1.335884326143225
-1.0305116794446043
-0.005602365561259362
-0.21460510865268334
-0.09829804776453796
-0.11787473048298791
0.9186689874687128
-1.1804437699369874
-0.38488120232374917
-0.893815440540227
-1.244371339283774
0.06124195134543751
-0.48318966975817523
-0.3927603318664594
-0.7789905914010027
0.06511225291128618
1.099130678468915
-0.5809879035617822
-0.427403502051487
-1.0681744018681694
0.2514793341162924
-0.4709409222956958
-0.04040447554369848
0.16759113510194096
-0.48001123951292873
0.2615634622125743
-0.13037948857382714
-0.15014015360228175
-0.494275844671877
-0.5185072631638015
-1.345670383326222
-0.08269349438036544
-0.0682924685524679
-0.6546610984563586
-0.1762036397295816
-0.7599091675917902
0.08244438734296342
-0.5394546058026011
0.4941781610734309
-0.130757708435433
0.10402553802545567
-0.5105381467044726
-0.09943354925503663
-0.23239561042583046
-0.4128087866248133
-0.3488528543742509
-0.9264897864455968
-0.4590366743159988
-0.652407962905789
-0.4574773455459648
0.09692955319144875
-0.5595188403829275
0.1567741104624302
0.15914768117821396
0.3912919994781682
-0.3838574595509356
-0.4729069683977683
-9.147700079472868
-10.603864068080238
-9.764455881691015
-8.49217626919009
-5.497898348932597
-9.45227338983089
-9.457267927801366
-9.785361736367113
-9.730345577693683
-10.147746495197785
-9.398971874593364
-10.846955796197763
-10.86908042982413
-8.059550568972096
-10.034146821504558
-10.220058794494642
-9.42298696866398
-8.416004928126737
-6.956625163082944
-10.502523359474797
-10.019177562339925
-10.500015873662996
-8.375859625131534
-7.628242570308028
-10.371740732930329
-10.641789604507693
-9.863148269262096
-9.763934288204199
-8.422521830772071
-9.94625135081703
-10.488649611831683
-7.282949239446331
-9.971154872791233
-7.190276996121813
-10.0181081226887
-2.5305555724024282
-10.414401984267721
-9.930484576846952
-7.512679275198945
-9.677886434442588
-9.658989901907743
-10.050271457167952
-10.083782765695089
-8.194957916064185
-10.394372841504934
-6.256270948505744
-10.826897380666225
-9.800617809542087
-9.225094127691
-9.95974399554868
-9.774665949293281
-9.986120745780593
-8.846384659250738
-8.23960488094257
-8.055774396604475
-8.317793187883
-2.387584584660562
-2.4711111858830743
-1.486097155941713
-2.463728506498757
-2.097179357879886
-2.1651662934761813
-1.6627808212258295
-1.9114810149503614
-2.1164656593040942
-1.495149345135807
-2.2402936522960486
-2.6876967729275933
-1.614846081862909
-1.8716331000580624
-1.9320702689645248
-1.30986172848616
-1.8307333823834608
-1.2735666025251142
-0.7115577757692528
-1.61165192240552
-4.244097711714303
-7.693883492565566
-9.779868322857283
-9.315209262905013
-9.300195976064106
-9.748775757458185
-9.08780155005585
-9.630811739830374
-8.570880612838522
-9.540783140268097
-8.866555378002621
-9.353185523984994
-9.181323560399507
-9.715570392092037
-9.331704310233274
-8.082375258937404
-9.179177993274166
-9.2700370213646
-9.29133572103342
-9.431434264943427
-9.67679898366892
-9.530022222615706
-9.141493011626382
-8.766085723811779
-9.540454777204994
-1.539315983148476
-1.588292493156533
-1.408467055909694
-1.801003363054685
-1.373665317558305
-2.175232448991365
-2.0666801131577244
-1.462167852672992
-1.332878746810997
-1.7886486245312296
-3.808044745815666
-8.8113844874783
-1.153052467708577
-6.533949314620293
-1.7778319881517628
-1.1910837378594983
0.10682795989997641
-1.0844123201971614
0.7576513455010195
0.22271976449414368
0.34250226881473633
0.21434995483829708
0.02303382492120105
0.06587408556656812
0.04979556373073151
0.21183793509350476
0.015369599810701125
0.404449005259657
0.595993082108012
-0.04058288660326302
-0.05285665499993833
-0.09527599296726974
